# CFDwavemaker probe 2, x= 0.000 , y= 5.400 , z= -10.000 
#         Time       wave_elev               u               v               w
        0.0000          1.4093          0.7852         -0.5613         -3.3744
        0.1200          0.8526          0.5818         -0.5195         -3.3552
        0.2400          0.2959          0.3784         -0.4776         -3.3360
        0.3600         -0.2608          0.1751         -0.4358         -3.3168
        0.4200         -0.5392          0.0734         -0.4149         -3.3072
        0.5400         -1.0959         -0.1300         -0.3730         -3.2880
        0.6000         -1.3742         -0.2317         -0.3521         -3.2785
        0.7200         -1.9309         -0.4351         -0.3102         -3.2593
        0.8400         -2.4876         -0.6384         -0.2684         -3.2401
        0.9000         -2.7660         -0.7401         -0.2475         -3.2305
        1.0200         -3.2912         -0.9378         -0.2036         -3.1981
        1.1400         -3.6591         -1.1070         -0.1495         -3.0997
        1.2000         -3.8430         -1.1916         -0.1225         -3.0505
        1.3200         -4.2109         -1.3609         -0.0685         -2.9520
        1.4400         -4.5788         -1.5301         -0.0144         -2.8536
        1.5600         -4.9466         -1.6993          0.0396         -2.7551
        1.6200         -5.1306         -1.7839          0.0667         -2.7059
        1.7400         -5.4984         -1.9531          0.1207         -2.6075
        1.8600         -5.8663         -2.1223          0.1748         -2.5090
        1.9200         -6.0502         -2.2069          0.2018         -2.4598
        2.0400         -6.3530         -2.3528          0.2558         -2.3462
        2.1600         -6.5255         -2.4520          0.3097         -2.2024
        2.2200         -6.6118         -2.5015          0.3366         -2.1305
        2.3400         -6.7843         -2.6007          0.3905         -1.9867
        2.4600         -6.9569         -2.6999          0.4444         -1.8429
        2.5200         -7.0431         -2.7495          0.4713         -1.7710
        2.6400         -7.2157         -2.8486          0.5252         -1.6272
        2.7600         -7.3882         -2.9478          0.5791         -1.4833
        2.8200         -7.4745         -2.9974          0.6061         -1.4114
        2.9400         -7.6470         -3.0965          0.6599         -1.2676
        3.0600         -7.7509         -3.1560          0.7070         -1.1220
        3.1200         -7.7685         -3.1658          0.7271         -1.0484
        3.2400         -7.8037         -3.1855          0.7673         -0.9011
        3.3600         -7.8389         -3.2052          0.8076         -0.7537
        3.4200         -7.8565         -3.2151          0.8277         -0.6801
        3.5400         -7.8917         -3.2348          0.8679         -0.5328
        3.6600         -7.9268         -3.2545          0.9081         -0.3855
        3.7200         -7.9444         -3.2643          0.9283         -0.3118
        3.8400         -7.9796         -3.2840          0.9685         -0.1645
        3.9600         -8.0148         -3.3037          1.0087         -0.0172
        4.0200         -8.0154         -3.3031          1.0249          0.0521
        4.1400         -7.9485         -3.2595          1.0413          0.1731
        4.2600         -7.8816         -3.2159          1.0577          0.2941
        4.3200         -7.8481         -3.1942          1.0659          0.3546
        4.4400         -7.7812         -3.1506          1.0823          0.4756
        4.5000         -7.7477         -3.1288          1.0905          0.5361
        4.6200         -7.6808         -3.0853          1.1069          0.6572
        4.7400         -7.6139         -3.0417          1.1234          0.7782
        4.8000         -7.5804         -3.0199          1.1316          0.8387
        4.9200         -7.5135         -2.9764          1.1480          0.9597
        5.0400         -7.4148         -2.9192          1.1553          1.0689
        5.1000         -7.3336         -2.8770          1.1499          1.1116
        5.2200         -7.1713         -2.7927          1.1390          1.1972
        5.3400         -7.0090         -2.7083          1.1281          1.2827
        5.4000         -6.9278         -2.6661          1.1226          1.3255
        5.5200         -6.7655         -2.5817          1.1118          1.4110
        5.6400         -6.6031         -2.4974          1.1009          1.4965
        5.7000         -6.5220         -2.4552          1.0954          1.5393
        5.8200         -6.3597         -2.3708          1.0845          1.6248
        5.9400         -6.1973         -2.2864          1.0737          1.7103
        6.0000         -6.1162         -2.2442          1.0682          1.7531
        6.1200         -5.8715         -2.1362          1.0348          1.8056
        6.2400         -5.6268         -2.0282          1.0014          1.8580
        6.3000         -5.5044         -1.9742          0.9847          1.8842
        6.4200         -5.2597         -1.8662          0.9513          1.9367
        6.5400         -5.0150         -1.7582          0.9179          1.9891
        6.6000         -4.8927         -1.7042          0.9012          2.0153
        6.7200         -4.6480         -1.5962          0.8678          2.0678
        6.8400         -4.4033         -1.4882          0.8344          2.1202
        6.9000         -4.2810         -1.4342          0.8177          2.1465
        7.0200         -4.0269         -1.3240          0.7824          2.1941
        7.1400         -3.7262         -1.2031          0.7376          2.2176
        7.2000         -3.5758         -1.1426          0.7152          2.2293
        7.3200         -3.2751         -1.0217          0.6704          2.2528
        7.4400         -2.9744         -0.9008          0.6255          2.2763
        7.5000         -2.8240         -0.8403          0.6031          2.2880
        7.6200         -2.5233         -0.7194          0.5583          2.3115
        7.7400         -2.2225         -0.5985          0.5135          2.3350
        7.8000         -2.0722         -0.5380          0.4910          2.3467
        7.9200         -1.7714         -0.4171          0.4462          2.3702
        8.0400         -1.4598         -0.2944          0.4018          2.3833
        8.1000         -1.2931         -0.2313          0.3800          2.3793
        8.2200         -0.9597         -0.1051          0.3364          2.3715
        8.3400         -0.6263          0.0211          0.2928          2.3637
        8.4000         -0.4596          0.0841          0.2710          2.3597
        8.5200         -0.1261          0.2103          0.2274          2.3519
        8.6400          0.2073          0.3365          0.1839          2.3440
        8.7000          0.3740          0.3996          0.1621          2.3401
        8.8200          0.7074          0.5258          0.1185          2.3323
        8.9400          1.0408          0.6519          0.0749          2.3244
        9.0000          1.2075          0.7150          0.0531          2.3205
        9.1200          1.5529          0.8342          0.0203          2.2737
        9.2400          1.8984          0.9534         -0.0125          2.2270
        9.3000          2.0711          1.0131         -0.0289          2.2036
        9.4200          2.4165          1.1323         -0.0618          2.1569
        9.5400          2.7619          1.2515         -0.0946          2.1101
        9.6000          2.9346          1.3111         -0.1110          2.0868
        9.7200          3.2801          1.4303         -0.1438          2.0400
        9.8400          3.6255          1.5495         -0.1766          1.9933
        9.9000          3.7982          1.6091         -0.1930          1.9699
