# spectral wave data output
# [irregular wave components]
# nfreq 200
# ndir 0
# omega [rad/s]    a[m]       k[rad/m]        phi[rad]    theta[rad]
 9.77430E-02   1.87597E-01   3.61518E-03  -1.18924E+00  -1.57080E+00
 9.77430E-02   1.87597E-01   3.61518E-03   1.18924E+00   1.57080E+00
 1.36571E-01   1.65664E-01   5.11264E-03   2.38774E+00  -7.85398E-01
 1.36571E-01   2.41807E-01   5.11264E-03   4.54020E+00   7.85398E-01
 1.88757E-01   1.35198E-01   7.23036E-03   5.25488E+00  -0.00000E+00
 2.08741E-01   1.16360E-01   8.08379E-03  -2.86391E+00  -1.10715E+00
 2.08741E-01   2.19529E-01   8.08379E-03   5.88970E+00  -4.63648E-01
 2.08741E-01   3.46162E-01   8.08379E-03   7.62774E+00   4.63648E-01
 2.56013E-01   2.87522E-01   1.02253E-02   4.24342E-01  -7.85398E-01
 2.56013E-01   9.21416E-02   1.02253E-02   1.25900E+01   7.85398E-01
 2.68922E-01   8.94838E-01   1.08455E-02   8.96488E+00  -0.00000E+00
 2.80809E-01   3.86163E-01   1.14322E-02   3.56357E+00  -3.21751E-01
 2.80809E-01   1.77793E-01   1.14322E-02   1.22018E+01   3.21751E-01
 3.11708E-01   1.66505E-01   1.30347E-02   7.78353E-01  -5.88003E-01
 3.11708E-01   2.24970E-01   1.30347E-02   1.36430E+01   5.88003E-01
 3.37346E-01   1.35610E+00   1.44607E-02   1.37211E+01  -0.00000E+00
 3.45006E-01   1.20063E+00   1.49058E-02   6.93428E+00  -2.44979E-01
 3.45006E-01   6.76429E-01   1.49058E-02   1.30379E+01   2.44979E-01
 3.52295E-01   3.95807E-01   1.53379E-02   2.41303E+00  -7.85398E-01
 3.52295E-01   8.19714E-02   1.53379E-02   1.93969E+01   7.85398E-01
 3.65889E-01   1.30157E+00   1.61676E-02   7.10181E+00  -4.63648E-01
 3.65889E-01   6.37840E-01   1.61676E-02   1.70745E+01   4.63648E-01
 3.95290E-01   1.34568E-01   1.80759E-02  -1.14797E+00  -9.27295E-01
 3.95290E-01   5.17227E-01   1.80759E-02   3.59025E+00  -6.43501E-01
 3.95290E-01   1.09584E+00   1.80759E-02   1.28647E+01  -0.00000E+00
 3.95290E-01   5.63954E-01   1.80759E-02   2.08879E+01   6.43501E-01
 4.00534E-01   2.51602E+00   1.84339E-02   1.23349E+01  -1.97396E-01
 4.00534E-01   1.21920E+00   1.84339E-02   1.97490E+01   1.97396E-01
 4.15245E-01   1.42221E+00   1.94683E-02   7.04756E+00  -3.80506E-01
 4.15245E-01   8.34062E-01   1.94683E-02   2.46197E+01   3.80506E-01
 4.28638E-01   3.46842E-01   2.04506E-02   2.23318E+00  -7.85398E-01
 4.28638E-01   2.72638E-01   2.04506E-02   2.39863E+01   7.85398E-01
 4.36944E-01   5.74362E-01   2.10800E-02   4.69247E+00  -5.40420E-01
 4.36944E-01   6.11878E-01   2.10800E-02   2.74528E+01   5.40420E-01
 4.44815E-01   7.17641E-01   2.16911E-02   1.98006E+01  -0.00000E+00
 4.48601E-01   1.03197E-01   2.19903E-02   1.69951E+01  -1.65149E-01
 4.48601E-01   6.67830E-01   2.19903E-02   2.49148E+01   1.65149E-01
 4.59423E-01   2.57279E-01   2.28644E-02   1.51183E+01  -3.21751E-01
 4.59423E-01   2.39947E-01   2.28644E-02   2.32889E+01   3.21751E-01
 4.62866E-01   9.97980E-02   2.31485E-02  -1.12148E+00  -8.96055E-01
 4.62866E-01   2.93799E-01   2.31485E-02   4.92954E-01  -6.74741E-01
 4.62866E-01   2.80031E-01   2.31485E-02   2.97806E+01   6.74741E-01
 4.62866E-01   1.31409E-01   2.31485E-02   2.72847E+01   8.96055E-01
 4.75908E-01   3.86490E-01   2.42514E-02   7.69716E+00  -4.63648E-01
 4.75908E-01   1.57481E-01   2.42514E-02   2.81852E+01   4.63648E-01
 4.87932E-01   4.34380E-01   2.53063E-02   1.91901E+01  -0.00000E+00
 4.90798E-01   3.74393E-01   2.55632E-02   1.98478E+01  -1.41897E-01
 4.90798E-01   2.77617E-01   2.55632E-02   2.70685E+01   1.41897E-01
 4.90798E-01   1.92845E-01   2.55632E-02   3.30678E+01   7.85398E-01
 4.96377E-01   6.04885E-01   2.60694E-02   6.52515E+00  -5.88003E-01
 4.99094E-01   1.36497E-01   2.63189E-02   1.65431E+01  -2.78300E-01
 4.99094E-01   2.43642E-01   2.63189E-02   2.97644E+01   2.78300E-01
 5.12022E-01   6.08681E-01   2.75324E-02   1.32226E+01  -4.04892E-01
 5.12022E-01   1.47614E-01   2.75324E-02   2.93867E+01   4.04892E-01
 5.19306E-01   1.20658E-01   2.82355E-02   4.69590E-01  -6.94738E-01
 5.19306E-01   1.86406E-01   2.82355E-02   3.28446E+01   6.94738E-01
 5.19306E-01   1.28592E-01   2.82355E-02   3.48494E+01   8.76058E-01
 5.26276E-01   3.62760E-01   2.89215E-02   2.39833E+01  -0.00000E+00
 5.28535E-01   1.95181E-01   2.91465E-02   7.56675E+00  -5.19146E-01
 5.28535E-01   5.08053E-01   2.91465E-02   2.44247E+01  -1.24355E-01
 5.28535E-01   5.14675E-01   2.91465E-02   3.00832E+01   1.24355E-01
 5.35132E-01   6.37601E-01   2.98115E-02   1.70880E+01  -2.44979E-01
 5.35132E-01   4.02004E-01   2.98115E-02   3.05210E+01   2.44979E-01
 5.43541E-01   1.34999E-01   3.06758E-02   3.57679E+01   7.85398E-01
 5.45578E-01   4.12408E-01   3.08881E-02   1.73291E+01  -3.58771E-01
 5.45578E-01   3.15856E-01   3.08881E-02   3.47006E+01   3.58771E-01
 5.47592E-01   9.34643E-02   3.10990E-02   3.64479E+00  -6.20249E-01
 5.47592E-01   1.06775E-01   3.10990E-02   3.67063E+01   6.20249E-01
 5.47592E-01   1.35293E-01   3.10990E-02   4.01604E+01   9.50547E-01
 5.59200E-01   2.13182E-01   3.23352E-02   1.50546E+01  -4.63648E-01
 5.59200E-01   1.32492E-01   3.23352E-02   3.73454E+01   4.63648E-01
 5.61061E-01   8.56722E-01   3.25366E-02   3.09995E+01  -0.00000E+00
 5.62902E-01   5.81987E-01   3.27369E-02   2.70194E+01  -1.10657E-01
 5.62902E-01   2.93209E-01   3.27369E-02   2.99676E+01   1.10657E-01
 5.68313E-01   1.49100E-01   3.33303E-02   1.03802E+00  -7.08626E-01
 5.68313E-01   8.76903E-02   3.33303E-02   2.27943E+01  -2.18669E-01
 5.68313E-01   5.84295E-01   3.33303E-02   3.44746E+01   2.18669E-01
 5.75279E-01   8.98914E-02   3.41055E-02  -8.15520E+00  -1.01220E+00
 5.75279E-01   2.35800E-01   3.41055E-02   6.60450E+00  -5.58599E-01
 5.75279E-01   8.80851E-02   3.41055E-02   4.04060E+01   5.58599E-01
 5.76978E-01   2.44083E-01   3.42966E-02   1.62941E+01  -3.21751E-01
 5.76978E-01   9.37079E-02   3.42966E-02   3.78466E+01   3.21751E-01
 5.88449E-01   3.68124E-01   3.56054E-02   1.44704E+01  -4.18224E-01
 5.88449E-01   1.54707E-01   3.56054E-02   4.35869E+01   4.18224E-01
 5.90030E-01   1.31796E-01   3.57885E-02  -2.44283E+00  -7.85398E-01
 5.93153E-01   2.01438E-01   3.61518E-02  -8.35010E+00  -9.27295E-01
 5.93153E-01   1.35732E-01   3.61518E-02   6.33395E+00  -6.43501E-01
 5.93153E-01   2.26962E-01   3.61518E-02   3.01351E+01  -0.00000E+00
 5.94695E-01   3.38417E-01   3.63321E-02   3.02963E+01  -9.96686E-02
 5.94695E-01   2.00787E-01   3.63321E-02   3.18925E+01   9.96686E-02
 5.99245E-01   3.43754E-01   3.68678E-02   2.54899E+01  -1.97396E-01
 5.99245E-01   1.05183E-01   3.68678E-02   3.64506E+01   1.97396E-01
 6.02219E-01   1.39184E-01   3.72206E-02   1.24881E+01  -5.07099E-01
 6.02219E-01   1.59258E-01   3.72206E-02   4.54902E+01   5.07099E-01
 6.06593E-01   3.32632E-01   3.77436E-02   4.28658E+01   2.91457E-01
 6.16427E-01   1.08100E-01   3.89367E-02   1.70790E+01  -3.80506E-01
 6.16427E-01   2.33902E-01   3.89367E-02   4.20882E+01   3.80506E-01
 6.17792E-01   1.32055E-01   3.91042E-02   4.65313E+01   5.88003E-01
 6.23159E-01   2.73125E-01   3.97670E-02   3.63295E+01  -0.00000E+00
 6.24478E-01   3.54907E-01   3.99310E-02   2.94511E+01  -9.06599E-02
 6.24478E-01   2.50163E-01   3.99310E-02   3.72887E+01   9.06599E-02
 6.28383E-01   8.98094E-02   4.04190E-02   1.56571E+01  -4.63648E-01
 6.28383E-01   2.49360E-01   4.04190E-02   2.82500E+01  -1.79853E-01
 6.28383E-01   1.49938E-01   4.04190E-02   4.22989E+01   1.79853E-01
 6.28383E-01   2.32541E-01   4.04190E-02   4.61881E+01   4.63648E-01
 6.34726E-01   1.57869E-01   4.12194E-02   2.30222E+01  -2.66252E-01
 6.34726E-01   1.00223E-01   4.12194E-02   4.12437E+01   2.66252E-01
 6.34726E-01   9.25573E-02   4.12194E-02   4.95825E+01   6.61043E-01
 6.42085E-01   2.01809E-01   4.21599E-02   1.48179E+01  -5.40420E-01
 6.51503E-01   3.85105E-01   4.33822E-02   3.62348E+01  -0.00000E+00
 6.52650E-01   1.94052E-01   4.35326E-02   3.53068E+01  -8.31412E-02
 6.52650E-01   1.48783E-01   4.35326E-02   3.90530E+01   8.31412E-02
 6.56056E-01   1.78946E-01   4.39806E-02   3.06694E+01  -1.65149E-01
 6.56056E-01   1.44931E-01   4.39806E-02   4.66462E+01   1.65149E-01
 6.57179E-01   9.36751E-02   4.41289E-02   5.20705E+01   6.10726E-01
 6.61613E-01   2.25167E-01   4.47173E-02   4.48401E+01   2.44979E-01
 6.69158E-01   3.07990E-01   4.57288E-02   2.53783E+01  -3.21751E-01
 6.69158E-01   3.27083E-01   4.57288E-02   5.24694E+01   3.21751E-01
 6.78486E-01   1.21068E-01   4.69974E-02   5.52021E+01   3.94791E-01
 6.79498E-01   8.67391E-02   4.71362E-02   1.36180E+01  -5.66729E-01
 6.79498E-01   1.43875E-01   4.71362E-02   3.91997E+01  -7.67719E-02
 6.79498E-01   2.63872E-01   4.71362E-02   4.38894E+01   7.67719E-02
 6.82508E-01   1.50547E-01   4.75503E-02   4.50973E+01   1.52649E-01
 6.87434E-01   8.65085E-02   4.82325E-02   2.95486E+01  -2.26799E-01
 6.87434E-01   2.02957E-01   4.82325E-02   4.89410E+01   2.26799E-01
 6.89374E-01   1.04210E-01   4.85027E-02   2.11298E+01  -4.63648E-01
 6.94153E-01   1.19709E-01   4.91718E-02   3.11891E+01  -2.98499E-01
 6.94153E-01   1.04791E-01   4.91718E-02   5.41076E+01   2.98499E-01
 7.01596E-01   1.28726E-01   5.02237E-02   1.31116E+01  -5.28074E-01
 7.02509E-01   1.04661E-01   5.03536E-02   5.91907E+01   3.67174E-01
 7.04325E-01   1.15444E-01   5.06125E-02   4.46766E+01  -0.00000E+00
 7.05228E-01   8.41322E-02   5.07415E-02   3.86347E+01  -7.13075E-02
 7.05228E-01   8.13180E-02   5.07415E-02   4.53338E+01   7.13075E-02
 7.07915E-01   1.15895E-01   5.11264E-02   5.25051E+01   1.41897E-01
 7.12325E-01   1.30133E-01   5.17615E-02   2.21054E+01  -4.32408E-01
 7.12325E-01   8.66433E-02   5.17615E-02   5.38168E+01   2.11093E-01
 7.12325E-01   8.79338E-02   5.17615E-02   5.66976E+01   4.32408E-01
 7.14932E-01   9.70488E-02   5.21389E-02   1.10024E+01  -5.88003E-01
 7.18363E-01   9.23212E-02   5.26378E-02   2.84166E+01  -2.78300E-01
 7.18363E-01   1.75018E-01   5.26378E-02   5.57133E+01   2.78300E-01
 7.23418E-01   9.33583E-02   5.33775E-02   2.12871E+01  -4.93941E-01
 7.29994E-01   9.44370E-02   5.43481E-02   4.72377E+01   6.65682E-02
 7.32414E-01   1.44485E-01   5.47076E-02   4.37653E+01  -1.32552E-01
 7.35604E-01   1.50433E-01   5.51833E-02   1.47688E+01  -5.51655E-01
 7.36395E-01   1.29028E-01   5.53016E-02   3.53818E+01  -1.97396E-01
 7.36395E-01   2.28261E-01   5.53016E-02   5.83068E+01   1.97396E-01
 7.41860E-01   1.43030E-01   5.61227E-02   3.59401E+01  -2.60602E-01
 7.44929E-01   9.12490E-02   5.65865E-02   1.91054E+01  -4.63648E-01
 7.48712E-01   1.58965E-01   5.71610E-02   3.05037E+01  -3.21751E-01
 7.48712E-01   1.23606E-01   5.71610E-02   6.07735E+01   3.21751E-01
 7.53176E-01   9.34796E-02   5.78429E-02   5.10182E+01  -0.00000E+00
 7.53912E-01   9.74497E-02   5.79558E-02   4.59992E+01  -6.24188E-02
 7.53912E-01   1.00319E-01   5.79558E-02   5.58128E+01   6.24188E-02
 7.56108E-01   9.65007E-02   5.82930E-02   1.89271E+01  -5.19146E-01
 7.56108E-01   1.22594E-01   5.82930E-02   4.66568E+01  -1.24355E-01
 7.56108E-01   2.06396E-01   5.82930E-02   5.86950E+01   1.24355E-01
 7.56836E-01   1.49547E-01   5.84050E-02   2.88396E+01  -3.80506E-01
 7.56836E-01   8.37268E-02   5.84050E-02   6.65473E+01   3.80506E-01
 7.59726E-01   2.02713E-01   5.88509E-02   5.94739E+01   1.85348E-01
 7.64705E-01   1.21985E-01   5.96231E-02   4.03572E+01  -2.44979E-01
 7.64705E-01   1.26256E-01   5.96231E-02   6.13826E+01   2.44979E-01
 7.66109E-01   1.46027E-01   5.98419E-02   2.42573E+01  -4.36627E-01
 7.66109E-01   8.90406E-02   5.98419E-02   6.95807E+01   4.36627E-01
 7.70965E-01   1.05632E-01   6.06015E-02   3.75615E+01  -3.02885E-01
 7.76404E-01   1.06814E-01   6.14581E-02   2.43703E+01  -4.89957E-01
 7.77076E-01   1.03381E-01   6.15643E-02   5.05805E+01  -5.87558E-02
 7.79081E-01   1.30432E-01   6.18819E-02   4.43033E+01  -1.17109E-01
 7.79081E-01   9.44877E-02   6.18819E-02   6.01018E+01   1.17109E-01
 7.82388E-01   1.50755E-01   6.24077E-02   4.59687E+01  -1.74672E-01
 7.82388E-01   1.02671E-01   6.24077E-02   6.04422E+01   1.74672E-01
 7.86949E-01   9.25052E-02   6.31364E-02   3.88549E+01  -2.31091E-01
 7.86949E-01   1.10978E-01   6.31364E-02   6.52976E+01   2.31091E-01
 7.98941E-01   1.37930E-01   6.50733E-02   5.70445E+01  -0.00000E+00
 7.99558E-01   1.49919E-01   6.51736E-02   3.37702E+01  -3.39293E-01
 7.99558E-01   1.00761E-01   6.51736E-02   6.04390E+01   5.54985E-02
 8.04438E-01   1.75214E-01   6.59709E-02   6.31191E+01   1.65149E-01
 8.06845E-01   9.09869E-02   6.63659E-02   2.20911E+01  -5.12389E-01
 8.06845E-01   8.34023E-02   6.63659E-02   7.78608E+01   5.12389E-01
 8.08636E-01   1.03275E-01   6.66607E-02   7.10898E+01   2.18669E-01
 8.13938E-01   9.99932E-02   6.75372E-02   4.00711E+01  -2.70947E-01
 8.13938E-01   8.55069E-02   6.75372E-02   7.50477E+01   2.70947E-01
 8.17992E-01   9.78110E-02   6.82111E-02   8.40914E+01   5.58599E-01
 8.20282E-01   9.36395E-02   6.85932E-02   3.53044E+01  -3.21751E-01
 8.23117E-01   9.74949E-02   6.90679E-02   6.75069E+01   1.04877E-01
 8.25923E-01   1.47564E-01   6.95394E-02   4.91776E+01  -1.56602E-01
 8.27593E-01   1.21834E-01   6.98208E-02   7.85568E+01   3.70891E-01
 8.29804E-01   1.04398E-01   7.01941E-02   7.22021E+01   2.07496E-01
 8.42711E-01   9.30953E-02   7.23939E-02   6.68495E+01   4.99584E-02
 8.44284E-01   1.09066E-01   7.26642E-02   5.58000E+01  -9.96686E-02
 8.46885E-01   1.42774E-01   7.31125E-02   7.07387E+01   1.48890E-01
 8.63478E-01   1.01145E-01   7.60048E-02   6.71693E+01   4.75831E-02
 8.67360E-01   1.13312E-01   7.66896E-02   5.91734E+01  -1.41897E-01
 8.67360E-01   1.17663E-01   7.66896E-02   7.67233E+01   1.41897E-01
 8.81929E-01   1.05350E-01   7.92871E-02   9.31353E+01   4.22854E-01
 8.87379E-01   9.77989E-02   8.02700E-02   8.02117E+01   1.35528E-01
 8.94494E-01   9.48264E-02   8.15622E-02   5.60420E+01  -2.23477E-01
 9.18144E-01   1.34333E-01   8.59319E-02   9.67154E+01   3.88319E-01
 9.23381E-01   8.98261E-02   8.69149E-02   5.30871E+01  -2.95441E-01
 9.29314E-01   8.13498E-02   8.80354E-02   4.85015E+01  -3.34737E-01
 9.47575E-01   9.80493E-02   9.15291E-02   6.32581E+01  -1.58655E-01
